300
793 335
386 492
649 421
540 426
211 368
567 429
782 530
393 456
229 373
784 537
198 324
315 370
413 526
336 505
582 545
814 367
434 364
276 178
788 584
403 651
754 399
676 368
226 586
795 570
434 378
467 601
317 492
652 756
301 280
286 441
444 619
440 729
481 675
567 856
497 353
306 683
219 624
528 871
270 368
708 715
340 149
796 723
618 245
846 451
379 488
764 228
841 350
193 500
743 491
227 365
432 551
437 228
275 407
474 121
858 395
235 793
818 428
776 404
443 763
613 538
606 840
324 743
470 183
490 499
772 725
644 590
505 139
542 464
197 507
355 804
348 611
622 828
299 343
746 568
340 422
311 810
605 801
661 730
320 736
444 626
522 465
708 416
282 258
379 550
660 163
813 668
376 542
445 756
179 418
887 412
348 172
336 210
342 587
206 301
713 372
321 255
819 599
705 228
422 269
672 850
625 385
222 299
298 190
524 590
209 581
819 336
379 769
273 776
579 884
621 567
504 613
326 259
202 506
528 189
753 248
303 333
133 648
567 746
368 529
363 497
436 460
460 304
794 697
428 403
500 681
647 538
535 134
339 692
504 629
285 429
343 335
292 795
829 390
682 340
541 569
190 425
677 234
690 626
614 168
205 358
312 386
578 529
631 593
857 627
214 355
412 479
189 274
355 641
620 433
338 566
770 284
856 417
606 260
217 518
873 458
873 637
289 483
607 478
757 314
471 729
618 438
157 681
493 358
270 699
417 839
569 363
622 794
431 462
682 390
292 791
521 157
574 491
537 740
796 404
338 580
812 379
176 483
207 759
236 560
244 711
291 375
589 768
126 593
486 253
814 713
179 377
762 775
710 732
346 235
573 328
571 661
633 685
604 851
805 250
868 503
195 639
763 677
865 560
770 518
211 342
532 196
379 321
172 427
398 830
573 714
232 204
898 486
640 278
262 683
723 324
154 335
821 457
365 747
269 218
701 703
728 806
797 720
334 698
189 559
109 539
787 231
532 122
590 254
350 131
494 181
720 433
487 415
296 825
404 722
892 551
506 415
483 776
309 587
563 860
682 211
314 476
892 525
528 839
525 490
136 360
618 643
582 621
815 570
437 853
783 350
651 149
639 398
393 577
199 552
657 566
641 735
368 298
266 428
308 593
278 197
555 672
774 445
412 127
382 421
693 334
439 334
421 159
354 761
541 716
662 482
399 217
851 364
790 263
491 172
590 341
665 511
300 506
638 667
364 489
412 538
649 814
465 314
152 621
393 790
631 673
264 735
548 295
468 156
823 286
171 358
469 238
133 343
192 729
718 216
183 377
487 472
496 418
726 474
562 424
719 280
726 583
708 723
493 431
710 220
613 391