100
793 335
386 492
649 421
540 426
211 368
567 429
782 530
393 456
229 373
784 537
198 324
315 370
413 526
336 505
582 545
814 367
434 364
276 178
788 584
403 651
754 399
676 368
226 586
795 570
434 378
467 601
317 492
652 756
301 280
286 441
444 619
440 729
481 675
567 856
497 353
306 683
219 624
528 871
270 368
708 715
340 149
796 723
618 245
846 451
379 488
764 228
841 350
193 500
743 491
227 365
432 551
437 228
275 407
474 121
858 395
235 793
818 428
776 404
443 763
613 538
606 840
324 743
470 183
490 499
772 725
644 590
505 139
542 464
197 507
355 804
348 611
622 828
299 343
746 568
340 422
311 810
605 801
661 730
320 736
444 626
522 465
708 416
282 258
379 550
660 163
813 668
376 542
445 756
179 418
887 412
348 172
336 210
342 587
206 301
713 372
321 255
819 599
705 228
422 269
672 850